% f=0.10Hz  n_cycles=5  N_total=10000  dt=0.005000
% Amp=0.4500V  K_lin=8.298800
Time[s]              Vcmd[V]              Vc[V]                Vg[V]                Pot[V]               Omega[rad/s]         Omega_target[rad/s] 
        0.0000000000         0.0000000000         2.5000000000         1.3301823480         4.2104496138        -0.1958051698         0.0000000000
        0.0050000000         0.0014137144         2.5000000000         1.3378393285         4.2104496138         0.0036568028         0.0117321328
        0.0100000000         0.0028274148         2.5000000000         1.3454963091         4.2155533687         0.2031187755         0.0234641498
        0.0150000000         0.0042410873         2.5000000000         1.3378393285         4.2181052461         0.0036568028         0.0351959352
        0.0200000000         0.0056547179         2.5000000000         1.3403916554         4.2104496138         0.0701441271         0.0469273733
        0.0250000000         0.0070682928         2.5000000000         1.3429439823         4.2206571236         0.1366314513         0.0586583482
        0.0300000000         0.0084817979         2.5000000000         1.3327346748         4.2104496138        -0.1293178456         0.0703887442
        0.0350000000         0.0098952192         2.5000000000         1.3250776943         4.2104496138        -0.3287798183         0.0821184454
        0.0400000000         0.0113085429         2.5000000000         1.3352870017         4.2181052461        -0.0628305214         0.0938473362
        0.0450000000         0.0127217550         2.5000000000         1.3378393285         4.2181052461         0.0036568028         0.1055753008
        0.0500000000         0.0141348416         2.5000000000         1.3378393285         4.2206571236         0.0036568028         0.1173022233
        0.0550000000         0.0155477886         2.5000000000         1.3327346748         4.2104496138        -0.1293178456         0.1290279882
        0.0600000000         0.0169605822         2.5000000000         1.3378393285         4.2181052461         0.0036568028         0.1407524796
        0.0650000000         0.0183732084         2.5000000000         1.3378393285         4.2181052461         0.0036568028         0.1524755818
        0.0700000000         0.0197856532         2.5000000000         1.3378393285         4.2181052461         0.0036568028         0.1641971791
        0.0750000000         0.0211979028         2.5000000000         1.3454963091         4.2206571236         0.2031187755         0.1759171559
        0.0800000000         0.0226099432         2.5000000000         1.3301823480         4.2104496138        -0.1958051698         0.1876353965
        0.0850000000         0.0240217604         2.5000000000         1.3378393285         4.2155533687         0.0036568028         0.1993517851
        0.0900000000         0.0254333405         2.5000000000         1.3378393285         4.2155533687         0.0036568028         0.2110662063
        0.0950000000         0.0268446696         2.5000000000         1.3352870017         4.2232090010        -0.0628305214         0.2227785443
        0.1000000000         0.0282557338         2.5000000000         1.3352870017         4.2181052461        -0.0628305214         0.2344886836
        0.1050000000         0.0296665191         2.5000000000         1.3378393285         4.2155533687         0.0036568028         0.2461965085
        0.1100000000         0.0310770116         2.5000000000         1.3352870017         4.2181052461        -0.0628305214         0.2579019036
        0.1150000000         0.0324871973         2.5000000000         1.3454963091         4.2232090010         0.2031187755         0.2696047533
        0.1200000000         0.0338970625         2.5000000000         1.3352870017         4.2155533687        -0.0628305214         0.2813049422
        0.1250000000         0.0353065931         2.5000000000         1.3301823480         4.2104496138        -0.1958051698         0.2930023546
        0.1300000000         0.0367157752         2.5000000000         1.3403916554         4.2206571236         0.0701441271         0.3046968753
        0.1350000000         0.0381245950         2.5000000000         1.3378393285         4.2130014912         0.0036568028         0.3163883887
        0.1400000000         0.0395330384         2.5000000000         1.3531532897         4.2155533687         0.4025807482         0.3280767795
        0.1450000000         0.0409410918         2.5000000000         1.3352870017         4.2155533687        -0.0628305214         0.3397619323
        0.1500000000         0.0423487410         2.5000000000         1.3352870017         4.2181052461        -0.0628305214         0.3514437318
        0.1550000000         0.0437559723         2.5000000000         1.3301823480         4.2130014912        -0.1958051698         0.3631220626
        0.1600000000         0.0451627717         2.5000000000         1.3378393285         4.2155533687         0.0036568028         0.3747968096
        0.1650000000         0.0465691254         2.5000000000         1.3378393285         4.2155533687         0.0036568028         0.3864678576
        0.1700000000         0.0479750194         2.5000000000         1.3429439823         4.2232090010         0.1366314513         0.3981350912
        0.1750000000         0.0493804400         2.5000000000         1.3352870017         4.2181052461        -0.0628305214         0.4097983954
        0.1800000000         0.0507853732         2.5000000000         1.3429439823         4.2232090010         0.1366314513         0.4214576551
        0.1850000000         0.0521898052         2.5000000000         1.3301823480         4.2078977363        -0.1958051698         0.4331127551
        0.1900000000         0.0535937220         2.5000000000         1.3352870017         4.2181052461        -0.0628305214         0.4447635805
        0.1950000000         0.0549971100         2.5000000000         1.3710195777         4.2155533687         0.8679920178         0.4564100162
        0.2000000000         0.0563999551         2.5000000000         1.3378393285         4.2155533687         0.0036568028         0.4680519474
        0.2050000000         0.0578022436         2.5000000000         1.3352870017         4.2155533687        -0.0628305214         0.4796892591
        0.2100000000         0.0592039616         2.5000000000         1.3301823480         4.2130014912        -0.1958051698         0.4913218365
        0.2150000000         0.0606050953         2.7750091520         1.3352870017         4.2155533687        -0.0628305214         0.5029495647
        0.2200000000         0.0620056308         2.7756500156         1.3454963091         4.2206571236         0.2031187755         0.5145723290
        0.2250000000         0.0634055544         2.7762907597         1.3454963091         4.2206571236         0.2031187755         0.5261900146
        0.2300000000         0.0648048521         2.7769313779         1.3378393285         4.2104496138         0.0036568028         0.5378025070
        0.2350000000         0.0662035103         2.7775718639         1.3506009628         4.2181052461         0.3360934240         0.5494096915
        0.2400000000         0.0676015151         2.7782122111         1.3506009628         4.2206571236         0.3360934240         0.5610114535
        0.2450000000         0.0689988527         2.7788524132         1.3506009628         4.2232090010         0.3360934240         0.5726076786
        0.2500000000         0.0703955093         2.7794924638         1.3480486360         4.2181052461         0.2696060997         0.5841982523
        0.2550000000         0.0717914711         2.7801323563         1.3531532897         4.2283127560         0.4025807482         0.5957830602
        0.2600000000         0.0731867243         2.7807720844         1.3582579434         4.2334165109         0.5355553966         0.6073619879
        0.2650000000         0.0745812553         2.7814116416         1.3812288851         4.2283127560         1.1339413147         0.6189349213
        0.2700000000         0.0759750501         2.7820510215         1.3557056165         4.2283127560         0.4690680724         0.6305017459
        0.2750000000         0.0773680951         2.7826902176         1.3557056165         4.2359683883         0.4690680724         0.6420623478
        0.2800000000         0.0787603765         2.7833292235         1.3659149240         4.2410721433         0.7350173693         0.6536166128
        0.2850000000         0.0801518806         2.7839680327         1.3608102703         4.2359683883         0.6020427209         0.6651644269
        0.2900000000         0.0815425936         2.7846066388         1.3557056165         4.2334165109         0.4690680724         0.6767056760
        0.2950000000         0.0829325019         2.7852450353         1.3710195777         4.2487277756         0.8679920178         0.6882402464
        0.3000000000         0.0843215916         2.7858832157         1.3659149240         4.2461758982         0.7350173693         0.6997680241
        0.3050000000         0.0857098491         2.7865211737         1.3608102703         4.2410721433         0.6020427209         0.7112888953
        0.3100000000         0.0870972606         2.7871589026         1.3735719045         4.2487277756         0.9344793420         0.7228027465
        0.3150000000         0.0884838126         2.7877963962         1.3786765582         4.2614871629         1.0674539905         0.7343094638
        0.3200000000         0.0898694912         2.7884336478         1.3659149240         4.2538315306         0.7350173693         0.7458089338
        0.3250000000         0.0912542829         2.7890706510         1.3735719045         4.2691427953         0.9344793420         0.7573010430
        0.3300000000         0.0926381739         2.7897073993         1.3761242314         4.2640390404         1.0009666662         0.7687856779
        0.3350000000         0.0940211507         2.7903438864         1.4067521537         4.2614871629         1.7988145570         0.7802627253
        0.3400000000         0.0954031995         2.7909801055         1.3837812120         4.2793503051         1.2004286389         0.7917320717
        0.3450000000         0.0967843067         2.7916160504         1.3786765582         4.2793503051         1.0674539905         0.8031936041
        0.3500000000         0.0981644586         2.7922517145         1.3735719045         4.2742465502         0.9344793420         0.8146472093
        0.3550000000         0.0995436418         2.7928870913         1.3633625971         4.2844540601         0.6685300451         0.8260927742
        0.3600000000         0.1009218424         2.7935221744         1.3837812120         4.2946615699         1.2004286389         0.8375301859
        0.3650000000         0.1022990470         2.7941569572         1.3710195777         4.2946615699         0.8679920178         0.8489593316
        0.3700000000         0.1036752420         2.7947914332         1.3812288851         4.3023172023         1.1339413147         0.8603800983
        0.3750000000         0.1050504137         2.7954255960         1.3735719045         4.2997653248         0.9344793420         0.8717923735
        0.3800000000         0.1064245487         2.7960594390         1.3710195777         4.2997653248         0.8679920178         0.8831960444
        0.3850000000         0.1077976332         2.7966929558         1.3837812120         4.3074209572         1.2004286389         0.8945909986
        0.3900000000         0.1091696539         2.7973261399         1.3710195777         4.3048690797         0.8679920178         0.9059771234
        0.3950000000         0.1105405970         2.7979589847         1.3761242314         4.3150765896         1.0009666662         0.9173543067
        0.4000000000         0.1119104492         2.7985914838         1.3863335388         4.3227322219         1.2669159631         0.9287224360
        0.4050000000         0.1132791969         2.7992236306         1.3735719045         4.3201803445         0.9344793420         0.9400813992
        0.4100000000         0.1146468266         2.7998554187         1.3812288851         4.3329397318         1.1339413147         0.9514310842
        0.4150000000         0.1160133247         2.8004868416         1.3812288851         4.3329397318         1.1339413147         0.9627713790
        0.4200000000         0.1173786778         2.8011178926         1.3735719045         4.3329397318         0.9344793420         0.9741021716
        0.4250000000         0.1187428725         2.8017485654         1.3837812120         4.3431472416         1.2004286389         0.9854233502
        0.4300000000         0.1201058952         2.8023788534         1.3812288851         4.3431472416         1.1339413147         0.9967348030
        0.4350000000         0.1214677325         2.8030087501         1.3735719045         4.3431472416         0.9344793420         1.0080364185
        0.4400000000         0.1228283710         2.8036382490         1.3863335388         4.3584585064         1.2669159631         1.0193280851
        0.4450000000         0.1241877972         2.8042673436         1.3837812120         4.3635622613         1.2004286389         1.0306096913
        0.4500000000         0.1255459977         2.8048960273         1.3812288851         4.3635622613         1.1339413147         1.0418811259
        0.4550000000         0.1269029592         2.8055242937         1.4016475000         4.3610103838         1.6658399085         1.0531422774
        0.4600000000         0.1282586681         2.8061521363         1.3837812120         4.3686660162         1.2004286389         1.0643930349
        0.4650000000         0.1296131112         2.8067795485         1.3837812120         4.3839772810         1.2004286389         1.0756332873
        0.4700000000         0.1309662751         2.8074065237         1.3786765582         4.3763216486         1.0674539905         1.0868629236
        0.4750000000         0.1323181464         2.8080330556         1.3582579434         4.3839772810         0.5355553966         1.0980818330
        0.4800000000         0.1336687117         2.8086591376         1.3735719045         4.3839772810         0.9344793420         1.1092899047
        0.4850000000         0.1350179578         2.8092847631         1.3837812120         4.3941847908         1.2004286389         1.1204870283
        0.4900000000         0.1363658713         2.8099099256         1.3888858657         4.4043923006         1.3334032874         1.1316730930
        0.4950000000         0.1377124390         2.8105346187         1.3888858657         4.4018404232         1.3334032874         1.1428479886
        0.5000000000         0.1390576475         2.8111588358         1.3863335388         4.4069441781         1.2669159631         1.1540116048
        0.5050000000         0.1404014835         2.8117825704         1.3939905194         4.4197035654         1.4663779358         1.1651638314
        0.5100000000         0.1417439338         2.8124058159         1.3837812120         4.4171516879         1.2004286389         1.1763045582
        0.5150000000         0.1430849852         2.8130285660         1.3863335388         4.4222554428         1.2669159631         1.1874336754
        0.5200000000         0.1444246244         2.8136508139         1.3863335388         4.4248073203         1.2669159631         1.1985510731
        0.5250000000         0.1457628382         2.8142725533         1.3863335388         4.4248073203         1.2669159631         1.2096566416
        0.5300000000         0.1470996133         2.8148937777         1.3837812120         4.4375667076         1.2004286389         1.2207502712
        0.5350000000         0.1484349367         2.8155144804         1.3939905194         4.4477742174         1.4663779358         1.2318318526
        0.5400000000         0.1497687950         2.8161346550         1.3786765582         4.4401185851         1.0674539905         1.2429012762
        0.5450000000         0.1511011752         2.8167542949         1.3888858657         4.4554298498         1.3334032874         1.2539584330
        0.5500000000         0.1524320641         2.8173733938         1.3863335388         4.4554298498         1.2669159631         1.2650032136
        0.5550000000         0.1537614486         2.8179919450         1.3837812120         4.4630854822         1.2004286389         1.2760355092
        0.5600000000         0.1550893154         2.8186099420         1.3812288851         4.4630854822         1.1339413147         1.2870552109
        0.5650000000         0.1564156516         2.8192273783         1.3863335388         4.4681892371         1.2669159631         1.2980622098
        0.5700000000         0.1577404441         2.8198442474         1.3837812120         4.4707411146         1.2004286389         1.3090563974
        0.5750000000         0.1590636797         2.8204605429         1.3888858657         4.4809486244         1.3334032874         1.3200376651
        0.5800000000         0.1603853454         2.8210762581         1.4041998268         4.4937080117         1.7323272327         1.3310059046
        0.5850000000         0.1617054282         2.8216913867         1.3888858657         4.4937080117         1.3334032874         1.3419610076
        0.5900000000         0.1630239150         2.8223059220         1.3965428462         4.4962598892         1.5328652600         1.3529028659
        0.5950000000         0.1643407929         2.8229198576         1.4016475000         4.5090192765         1.6658399085         1.3638313717
        0.6000000000         0.1656560487         2.8235331871         1.3914381925         4.5090192765         1.3998906116         1.3747464170
        0.6050000000         0.1669696696         2.8241459037         1.3863335388         4.5090192765         1.2669159631         1.3856478941
        0.6100000000         0.1682816426         2.8247580012         1.3939905194         4.5166749088         1.4663779358         1.3965356955
        0.6150000000         0.1695919547         2.8253694730         1.3965428462         4.5268824187         1.5328652600         1.4074097135
        0.6200000000         0.1709005930         2.8259803125         1.3888858657         4.5268824187         1.3334032874         1.4182698411
        0.6250000000         0.1722075446         2.8265905134         1.3939905194         4.5370899285         1.4663779358         1.4291159708
        0.6300000000         0.1735127965         2.8272000690         1.3965428462         4.5498493158         1.5328652600         1.4399479958
        0.6350000000         0.1748163360         2.8278089730         1.3888858657         4.5472974383         1.3334032874         1.4507658091
        0.6400000000         0.1761181501         2.8284172188         1.4093044805         4.5575049482         1.8653018812         1.4615693039
        0.6450000000         0.1774182260         2.8290248000         1.3914381925         4.5549530707         1.3998906116         1.4723583735
        0.6500000000         0.1787165508         2.8296317100         1.4016475000         4.5728162129         1.6658399085         1.4831329117
        0.6550000000         0.1800131118         2.8302379424         1.4041998268         4.5779199678         1.7323272327         1.4938928118
        0.6600000000         0.1813078961         2.8308434907         1.3939905194         4.5804718453         1.4663779358         1.5046379679
        0.6650000000         0.1826008909         2.8314483484         1.4169614611         4.5932312326         2.0647638539         1.5153682738
        0.6700000000         0.1838920836         2.8320525091         1.3914381925         4.5932312326         1.3998906116         1.5260836236
        0.6750000000         0.1851814614         2.8326559663         1.3863335388         4.5932312326         1.2669159631         1.5367839116
        0.6800000000         0.1864690114         2.8332587135         1.3990951731         4.6059906199         1.5993525843         1.5474690322
        0.6850000000         0.1877547211         2.8338607442         1.3863335388         4.6110943748         1.2669159631         1.5581388799
        0.6900000000         0.1890385778         2.8344620521         1.3965428462         4.6161981297         1.5328652600         1.5687933493
        0.6950000000         0.1903205687         2.8350626305         1.3939905194         4.6264056396         1.4663779358         1.5794323354
        0.7000000000         0.1916006812         2.8356624732         1.3939905194         4.6289575170         1.4663779358         1.5900557332
        0.7050000000         0.1928789027         2.8362615735         1.3914381925         4.6315093945         1.3998906116         1.6006634377
        0.7100000000         0.1941552206         2.8368599252         1.4067521537         4.6493725367         1.7988145570         1.6112553444
        0.7150000000         0.1954296222         2.8374575216         1.3965428462         4.6442687818         1.5328652600         1.6218313486
        0.7200000000         0.1967020950         2.8380543565         1.4093044805         4.6595800465         1.8653018812         1.6323913459
        0.7250000000         0.1979726264         2.8386504233         1.4041998268         4.6621319240         1.7323272327         1.6429352323
        0.7300000000         0.1992412040         2.8392457156         1.3990951731         4.6672356789         1.5993525843         1.6534629035
        0.7350000000         0.2005078151         2.8398402270         1.4041998268         4.6697875564         1.7323272327         1.6639742557
        0.7400000000         0.2017724472         2.8404339510         1.4093044805         4.6876506986         1.8653018812         1.6744691852
        0.7450000000         0.2030350880         2.8410268813         1.3965428462         4.6799950662         1.5328652600         1.6849475883
        0.7500000000         0.2042957249         2.8416190114         1.3965428462         4.6902025760         1.5328652600         1.6954093617
        0.7550000000         0.2055543455         2.8422103348         1.4118568074         4.7055138408         1.9317892054         1.7058544020
        0.7600000000         0.2068109373         2.8428008452         1.4016475000         4.7004100859         1.6658399085         1.7162826063
        0.7650000000         0.2080654880         2.8433905362         1.4067521537         4.7131694732         1.7988145570         1.7266938716
        0.7700000000         0.2093179851         2.8439794013         1.4093044805         4.7310326154         1.8653018812         1.7370880950
        0.7750000000         0.2105684164         2.8445674342         1.4016475000         4.7233769830         1.6658399085         1.7474651742
        0.7800000000         0.2118167695         2.8451546285         1.4067521537         4.7361363703         1.7988145570         1.7578250065
        0.7850000000         0.2130630320         2.8457409777         1.4041998268         4.7463438801         1.7323272327         1.7681674898
        0.7900000000         0.2143071917         2.8463264756         1.4118568074         4.7514476351         1.9317892054         1.7784925221
        0.7950000000         0.2155492362         2.8469111156         1.4041998268         4.7565513900         1.7323272327         1.7888000013
        0.8000000000         0.2167891533         2.8474948914         1.4016475000         4.7591032674         1.6658399085         1.7990898258
        0.8050000000         0.2180269309         2.8480777967         1.4067521537         4.7693107773         1.7988145570         1.8093618940
        0.8100000000         0.2192625566         2.8486598251         1.4169614611         4.7820701646         2.0647638539         1.8196161045
        0.8150000000         0.2204960182         2.8492409702         1.4041998268         4.7795182871         1.7323272327         1.8298523562
        0.8200000000         0.2217273037         2.8498212257         1.4144091342         4.7948295519         1.9982765296         1.8400705479
        0.8250000000         0.2229564008         2.8504005851         1.4195137880         4.8075889392         2.1312511781         1.8502705789
        0.8300000000         0.2241832974         2.8509790423         1.4093044805         4.8050370617         1.8653018812         1.8604523485
        0.8350000000         0.2254079814         2.8515565907         1.4067521537         4.8203483265         1.7988145570         1.8706157561
        0.8400000000         0.2266304407         2.8521332241         1.4093044805         4.8254520814         1.8653018812         1.8807607016
        0.8450000000         0.2278506633         2.8527089362         1.4016475000         4.8254520814         1.6658399085         1.8908870847
        0.8500000000         0.2290686371         2.8532837206         1.4093044805         4.8407633461         1.8653018812         1.9009948055
        0.8550000000         0.2302843501         2.8538575711         1.4093044805         4.8535227334         1.8653018812         1.9110837642
        0.8600000000         0.2314977902         2.8544304812         1.4041998268         4.8458671010         1.7323272327         1.9211538613
        0.8650000000         0.2327089456         2.8550024446         1.4118568074         4.8611783658         1.9317892054         1.9312049974
        0.8700000000         0.2339178042         2.8555734552         1.4195137880         4.8764896306         2.1312511781         1.9412370733
        0.8750000000         0.2351243541         2.8561435066         1.4118568074         4.8739377531         1.9317892054         1.9512499900
        0.8800000000         0.2363285835         2.8567125924         1.4118568074         4.8918008953         1.9317892054         1.9612436486
        0.8850000000         0.2375304804         2.8572807064         1.4195137880         4.8943527728         2.1312511781         1.9712179505
        0.8900000000         0.2387300329         2.8578478424         1.4118568074         4.8994565277         1.9317892054         1.9811727973
        0.8950000000         0.2399272293         2.8584139941         1.4067521537         4.9045602826         1.7988145570         1.9911080908
        0.9000000000         0.2411220577         2.8589791551         1.4067521537         4.9173196699         1.7988145570         2.0010237328
        0.9050000000         0.2423145064         2.8595433192         1.4093044805         4.9249753023         1.8653018812         2.0109196255
        0.9100000000         0.2435045635         2.8601064803         1.4041998268         4.9249753023         1.7323272327         2.0207956712
        0.9150000000         0.2446922173         2.8606686319         1.4144091342         4.9402865670         1.9982765296         2.0306517725
        0.9200000000         0.2458774560         2.8612297680         1.4169614611         4.9530459543         2.0647638539         2.0404878321
        0.9250000000         0.2470602681         2.8617898822         1.4118568074         4.9555978318         1.9317892054         2.0503037529
        0.9300000000         0.2482406418         2.8623489684         1.4246184417         4.9683572191         2.2642258265         2.0600994380
        0.9350000000         0.2494185654         2.8629070203         1.4067521537         4.9709090965         1.7988145570         2.0698747908
        0.9400000000         0.2505940274         2.8634640316         1.4016475000         4.9683572191         1.6658399085         2.0796297148
        0.9450000000         0.2517670161         2.8640199963         1.4093044805         4.9836684838         1.8653018812         2.0893641136
        0.9500000000         0.2529375200         2.8645749081         1.4016475000         4.9862203613         1.6658399085         2.0990778913
        0.9550000000         0.2541055275         2.8651287609         1.4195137880         5.0015316260         2.1312511781         2.1087709519
        0.9600000000         0.2552710271         2.8656815483         1.4067521537         5.0040835035         1.7988145570         2.1184431998
        0.9650000000         0.2564340073         2.8662332643         1.4041998268         5.0015316260         1.7323272327         2.1280945395
        0.9700000000         0.2575944565         2.8667839028         1.4169614611         5.0040835035         2.0647638539         2.1377248757
        0.9750000000         0.2587523634         2.8673334574         1.4220661148         5.0040835035         2.1977385023         2.1473341135
        0.9800000000         0.2599077165         2.8678819222         1.4297230954         5.0117391359         2.3972004750         2.1569221580
        0.9850000000         0.2610605045         2.8684292909         1.4195137880         5.0066353810         2.1312511781         2.1664889145
        0.9900000000         0.2622107159         2.8689755574         1.4118568074         4.9989797486         1.9317892054         2.1760342887
        0.9950000000         0.2633583393         2.8695207156         1.4220661148         5.0117391359         2.1977385023         2.1855581863
        1.0000000000         0.2645033635         2.8700647593         1.4093044805         5.0066353810         1.8653018812         2.1950605133
        1.0050000000         0.2656457772         2.8706076825         1.4118568074         4.9989797486         1.9317892054         2.2045411759
        1.0100000000         0.2667855691         2.8711494791         1.4144091342         4.9989797486         1.9982765296         2.2140000806
        1.0150000000         0.2679227279         2.8716901429         1.4220661148         5.0040835035         2.1977385023         2.2234371340
        1.0200000000         0.2690572424         2.8722296679         1.4220661148         5.0066353810         2.1977385023         2.2328522430
        1.0250000000         0.2701891014         2.8727680480         1.4144091342         4.9964278711         1.9982765296         2.2422453147
        1.0300000000         0.2713182938         2.8733052772         1.4144091342         4.9989797486         1.9982765296         2.2516162563
        1.0350000000         0.2724448083         2.8738413493         1.4348277491         4.9887722387         2.5301751234         2.2609649753
        1.0400000000         0.2735686340         2.8743762583         1.4195137880         1.1150222560         2.1312511781         2.2702913795
        1.0450000000         0.2746897596         2.8749099982         1.4297230954         1.1048147461         2.3972004750         2.2795953769
        1.0500000000         0.2758081741         2.8754425630         1.4271707685         1.1150222560         2.3307131508         2.2888768756
        1.0550000000         0.2769238666         2.8759739466         1.4144091342         1.1048147461         1.9982765296         2.2981357840
        1.0600000000         0.2780368259         2.8765041430         1.4297230954         1.1150222560         2.3972004750         2.3073720107
        1.0650000000         0.2791470411         2.8770331462         1.4348277491         1.1150222560         2.5301751234         2.3165854646
        1.0700000000         0.2802545012         2.8775609503         1.4271707685         1.1124703785         2.3307131508         2.3257760547
        1.0750000000         0.2813591954         2.8780875492         1.4144091342        -0.0052519485         1.9982765296         2.3349436904
        1.0800000000         0.2824611126         2.8786129369         1.4195137880         0.0024036839         2.1312511781         2.3440882811
        1.0850000000         0.2835602420         2.8791371075         1.4220661148        -0.0001481936         2.1977385023         2.3532097366
        1.0900000000         0.2846565729         2.8796600551         1.4144091342        -0.0052519485         1.9982765296         2.3623079669
        1.0950000000         0.2857500942         2.8801817737         1.4322754222         0.0049555613         2.4636877992         2.3713828821
        1.1000000000         0.2868407954         2.8807022573         1.4169614611        -0.0052519485         2.0647638539         2.3804343928
        1.1050000000         0.2879286655         2.8812215001         1.4348277491        -0.0001481936         2.5301751234         2.3894624095
        1.1100000000         0.2890136939         2.8817394961         1.4297230954         0.0024036839         2.3972004750         2.3984668432
        1.1150000000         0.2900958699         2.8822562394         1.4220661148         0.0024036839         2.1977385023         2.4074476050
        1.1200000000         0.2911751827         2.8827717241         1.4271707685         0.0024036839         2.3307131508         2.4164046062
        1.1250000000         0.2922516217         2.8832859443         1.4271707685        -0.0001481936         2.3307131508         2.4253377586
        1.1300000000         0.2933251764         2.8837988943         1.4220661148         0.0024036839         2.1977385023         2.4342469738
        1.1350000000         0.2943958360         2.8843105680         1.4348277491         0.0075074388         2.5301751234         2.4431321640
        1.1400000000         0.2954635901         2.8848209596         1.4271707685         0.0024036839         2.3307131508         2.4519932414
        1.1450000000         0.2965284281         2.8853300634         1.4297230954         0.0100593162         2.3972004750         2.4608301187
        1.1500000000         0.2975903394         2.8858378734         1.4246184417         0.0151630711         2.2642258265         2.4696427086
        1.1550000000         0.2986493136         2.8863443839         1.4450370565         0.0228187035         2.7961244204         2.4784309241
        1.1600000000         0.2997053403         2.8868495891         1.4271707685         0.0406818457         2.3307131508         2.4871946785
        1.1650000000         0.3007584091         2.8873534831         1.4297230954         0.0432337232         2.3972004750         2.4959338852
        1.1700000000         0.3018085094         2.8878560601         1.4169614611         0.0432337232         2.0647638539         2.5046484582
        1.1750000000         0.3028556311         2.8883573145         1.4373800759         0.0610968654         2.5966624477         2.5133383112
        1.1800000000         0.3038997637         2.8888572404         1.4220661148         0.0662006203         2.1977385023         2.5220033586
        1.1850000000         0.3049408969         2.8893558320         1.4348277491         0.0789600076         2.5301751234         2.5306435149
        1.1900000000         0.3059790204         2.8898530838         1.4348277491         0.0993750273         2.5301751234         2.5392586947
        1.1950000000         0.3070141241         2.8903489898         1.4271707685         0.0942712724         2.3307131508         2.5478488131
        1.2000000000         0.3080461977         2.8908435444         1.4246184417         0.1019269048         2.2642258265         2.5564137852
        1.2050000000         0.3090752309         2.8913367419         1.4220661148         0.1121344146         2.1977385023         2.5649535266
        1.2100000000         0.3101012138         2.8918285766         1.4271707685         0.1299975568         2.3307131508         2.5734679529
        1.2150000000         0.3111241360         2.8923190428         1.4322754222         0.1376531892         2.4636877992         2.5819569801
        1.2200000000         0.3121439876         2.8928081349         1.4322754222         0.1478606990         2.4636877992         2.5904205244
        1.2250000000         0.3131607585         2.8932958471         1.4348277491         0.1657238412         2.5301751234         2.5988585024
        1.2300000000         0.3141744385         2.8937821739         1.4271707685         0.1606200863         2.3307131508         2.6072708306
        1.2350000000         0.3151850179         2.8942671097         1.4271707685         0.1784832285         2.3307131508         2.6156574262
        1.2400000000         0.3161924864         2.8947506487         1.4322754222         0.1861388609         2.4636877992         2.6240182062
        1.2450000000         0.3171968343         2.8952327855         1.4169614611         0.1912426158         2.0647638539         2.6323530883
        1.2500000000         0.3181980515         2.8957135143         1.4246184417         0.1963463707         2.2642258265         2.6406619901
        1.2550000000         0.3191961283         2.8961928297         1.4348277491         0.2142095129         2.5301751234         2.6489448296
        1.2600000000         0.3201910547         2.8966707261         1.4348277491         0.2218651453         2.5301751234         2.6572015251
        1.2650000000         0.3211828210         2.8971471978         1.4297230954         0.2346245326         2.3972004750         2.6654319951
        1.2700000000         0.3221714174         2.8976222395         1.4271707685         0.2371764101         2.3307131508         2.6736361584
        1.2750000000         0.3231568340         2.8980958454         1.4322754222         0.2550395523         2.4636877992         2.6818139339
        1.2800000000         0.3241390612         2.8985680102         1.4373800759         0.2703508170         2.5966624477         2.6899652411
        1.2850000000         0.3251180893         2.8990387284         1.4271707685         0.2677989396         2.3307131508         2.6980899994
        1.2900000000         0.3260939086         2.8995079943         1.4220661148         0.2754545720         2.1977385023         2.7061881286
        1.2950000000         0.3270665095         2.8999758027         1.4348277491         0.2907658367         2.5301751234         2.7142595488
        1.3000000000         0.3280358823         2.9004421479         1.4654556714         0.3086289789         3.3280230142         2.7223041804
        1.3050000000         0.3290020176         2.9009070246         1.4246184417         0.3035252240         2.2642258265         2.7303219439
        1.3100000000         0.3299649058         2.9013704273         1.4297230954         0.3213883662         2.3972004750         2.7383127603
        1.3150000000         0.3309245374         2.9018323507         1.4399324028         0.3315958761         2.6631497719         2.7462765506
        1.3200000000         0.3318809028         2.9022927892         1.4271707685         0.3392515084         2.3307131508         2.7542132362
        1.3250000000         0.3328339927         2.9027517376         1.4424847297         0.3494590183         2.7296370961         2.7621227390
        1.3300000000         0.3337837977         2.9032091904         1.4603510177         0.3622184056         3.1950483657         2.7700049806
        1.3350000000         0.3347303084         2.9036651423         1.4246184417         0.3698740379         2.2642258265         2.7778598835
        1.3400000000         0.3356735154         2.9041195879         1.4322754222         0.3826334252         2.4636877992         2.7856873699
        1.3450000000         0.3366134095         2.9045725220         1.4424847297         0.3902890576         2.7296370961         2.7934873628
        1.3500000000         0.3375499813         2.9050239391         1.4424847297         0.4030484449         2.7296370961         2.8012597851
        1.3550000000         0.3384832217         2.9054738340         1.4297230954         0.4056003224         2.3972004750         2.8090045601
        1.3600000000         0.3394131213         2.9059222014         1.4475893834         0.4285672195         2.8626117446         2.8167216113
        1.3650000000         0.3403396711         2.9063690360         1.4424847297         0.4260153420         2.7296370961         2.8244108626
        1.3700000000         0.3412628619         2.9068143325         1.4424847297         0.4438784843         2.7296370961         2.8320722382
        1.3750000000         0.3421826845         2.9072580858         1.4475893834         0.4540859941         2.8626117446         2.8397056623
        1.3800000000         0.3430991300         2.9077002906         1.4348277491         0.4591897490         2.5301751234         2.8473110597
        1.3850000000         0.3440121891         2.9081409417         1.4705603251         0.4719491363         3.4609976626         2.8548883552
        1.3900000000         0.3449218531         2.9085800338         1.4475893834         0.4898122785         2.8626117446         2.8624374742
        1.3950000000         0.3458281127         2.9090175618         1.4399324028         0.4898122785         2.6631497719         2.8699583421
        1.4000000000         0.3467309592         2.9094535206         1.4348277491         0.5051235433         2.5301751234         2.8774508846
        1.4050000000         0.3476303837         2.9098879050         1.4424847297         0.5229866855         2.7296370961         2.8849150279
        1.4100000000         0.3485263771         2.9103207097         1.4373800759         0.5280904404         2.5966624477         2.8923506982
        1.4150000000         0.3494189307         2.9107519299         1.4348277491         0.5331941953         2.5301751234         2.8997578222
        1.4200000000         0.3503080357         2.9111815602         1.4399324028         0.5536092150         2.6631497719         2.9071363267
        1.4250000000         0.3511936833         2.9116095957         1.4424847297         0.5612648474         2.7296370961         2.9144861390
        1.4300000000         0.3520758648         2.9120360312         1.4424847297         0.5765761121         2.7296370961         2.9218071865
        1.4350000000         0.3529545714         2.9124608617         1.4373800759         0.5714723572         2.5966624477         2.9290993969
        1.4400000000         0.3538297945         2.9128840822         1.4348277491         0.5791279896         2.5301751234         2.9363626983
        1.4450000000         0.3547015254         2.9133056877         1.4348277491         0.5918873769         2.5301751234         2.9435970190
        1.4500000000         0.3555697556         2.9137256730         1.4348277491         0.5995430093         2.5301751234         2.9508022875
        1.4550000000         0.3564344764         2.9141440334         1.4399324028         0.6123023966         2.6631497719         2.9579784329
        1.4600000000         0.3572956794         2.9145607636         1.4348277491         0.6225099064         2.5301751234         2.9651253841
        1.4650000000         0.3581533560         2.9149758590         1.4373800759         0.6429249261         2.5966624477         2.9722430708
        1.4700000000         0.3590074978         2.9153893143         1.4501417102         0.6556843134         2.9290990688         2.9793314227
        1.4750000000         0.3598580963         2.9158011249         1.4322754222         0.6531324359         2.4636877992         2.9863903697
        1.4800000000         0.3607051432         2.9162112857         1.4450370565         0.6684437007         2.7961244204         2.9934198423
        1.4850000000         0.3615486301         2.9166197918         1.4399324028         0.6786512105         2.6631497719         3.0004197711
        1.4900000000         0.3623885486         2.9170266384         1.4424847297         0.6939624752         2.7296370961         3.0073900869
        1.4950000000         0.3632248905         2.9174318206         1.4501417102         0.6990662302         2.9290990688         3.0143307210
        1.5000000000         0.3640576475         2.9178353337         1.4399324028         0.7118256175         2.6631497719         3.0212416048
        1.5050000000         0.3648868114         2.9182371727         1.4399324028         0.7194812498         2.6631497719         3.0281226702
        1.5100000000         0.3657123740         2.9186373329         1.4297230954         0.7271368822         2.3972004750         3.0349738493
        1.5150000000         0.3665343272         2.9190358094         1.4450370565         0.7450000244         2.7961244204         3.0417950744
        1.5200000000         0.3673526628         2.9194325976         1.4399324028         0.7526556568         2.6631497719         3.0485862782
        1.5250000000         0.3681673728         2.9198276926         1.4450370565         0.7654150441         2.7961244204         3.0553473937
        1.5300000000         0.3689784492         2.9202210898         1.4475893834         0.7807263088         2.8626117446         3.0620783542
        1.5350000000         0.3697858839         2.9206127843         1.4501417102         0.7909338187         2.9290990688         3.0687790932
        1.5400000000         0.3705896689         2.9210027716         1.4348277491         0.7909338187         2.5301751234         3.0754495445
        1.5450000000         0.3713897964         2.9213910470         1.4450370565         0.8062450834         2.7961244204         3.0820896425
        1.5500000000         0.3721862584         2.9217776057         1.4424847297         0.8215563482         2.7296370961         3.0886993214
        1.5550000000         0.3729790471         2.9221624431         1.4450370565         0.8241082257         2.7961244204         3.0952785161
        1.5600000000         0.3737681546         2.9225455547         1.4475893834         0.8317638580         2.8626117446         3.1018271617
        1.5650000000         0.3745535732         2.9229269358         1.4424847297         0.8445232453         2.7296370961         3.1083451935
        1.5700000000         0.3753352951         2.9233065818         1.4501417102         0.8674901425         2.9290990688         3.1148325472
        1.5750000000         0.3761133126         2.9236844881         1.4501417102         0.8751457748         2.9290990688         3.1212891587
        1.5800000000         0.3768876180         2.9240606503         1.4577986908         0.8879051621         3.1285610415         3.1277149644
        1.5850000000         0.3776582037         2.9244350637         1.4552463639         0.9006645494         3.0620737173         3.1341099008
        1.5900000000         0.3784250620         2.9248077239         1.4475893834         0.9057683043         2.8626117446         3.1404739048
        1.5950000000         0.3791881855         2.9251786264         1.4577986908         0.9210795691         3.1285610415         3.1468069136
        1.6000000000         0.3799475665         2.9255477666         1.4450370565         0.9236314466         2.7961244204         3.1531088647
        1.6050000000         0.3807031976         2.9259151402         1.4450370565         0.9363908338         2.7961244204         3.1593796958
        1.6100000000         0.3814550712         2.9262807427         1.4501417102         0.9414945888         2.9290990688         3.1656193452
        1.6150000000         0.3822031801         2.9266445697         1.4475893834         0.9593577310         2.8626117446         3.1718277512
        1.6200000000         0.3829475168         2.9270066168         1.4450370565         0.9644614859         2.7961244204         3.1780048525
        1.6250000000         0.3836880740         2.9273668796         1.4450370565         0.9746689957         2.7961244204         3.1841505882
        1.6300000000         0.3844248443         2.9277253538         1.4475893834         0.9925321379         2.8626117446         3.1902648976
        1.6350000000         0.3851578205         2.9280820349         1.4475893834         1.0027396478         2.8626117446         3.1963477204
        1.6400000000         0.3858869953         2.9284369188         1.4450370565         1.0129471576         2.7961244204         3.2023989965
        1.6450000000         0.3866123616         2.9287900010         1.4526940371         1.0308102998         2.9955863930         3.2084186662
        1.6500000000         0.3873339122         2.9291412774         1.4450370565         1.0333621773         2.7961244204         3.2144066702
        1.6550000000         0.3880516399         2.9294907436         1.4552463639         1.0563290744         3.0620737173         3.2203629492
        1.6600000000         0.3887655377         2.9298383955         1.4399324028         1.0537771970         2.6631497719         3.2262874446
        1.6650000000         0.3894755986         2.9301842287         1.4475893834         1.0639847068         2.8626117446         3.2321800978
        1.6700000000         0.3901818155         2.9305282392         1.4475893834         1.0869516039         2.8626117446         3.2380408507
        1.6750000000         0.3908841815         2.9308704226         1.4424847297         1.0843997265         2.7296370961         3.2438696454
        1.6800000000         0.3915826896         2.9312107749         1.4501417102         1.1073666236         2.9290990688         3.2496664245
        1.6850000000         0.3922773329         2.9315492920         1.4399324028         1.1124703785         2.6631497719         3.2554311306
        1.6900000000         0.3929681047         2.9318859696         1.4501417102         1.1277816433         2.9290990688         3.2611637070
        1.6950000000         0.3936549980         2.9322208038         1.4399324028         1.1328853982         2.6631497719         3.2668640970
        1.7000000000         0.3943380060         2.9325537903         1.4424847297         1.1379891531         2.7296370961         3.2725322444
        1.7050000000         0.3950171221         2.9328849253         1.4450370565         1.1507485404         2.7961244204         3.2781680932
        1.7100000000         0.3956923396         2.9332142046         1.4399324028         1.1609560502         2.6631497719         3.2837715878
        1.7150000000         0.3963636517         2.9335416242         1.4399324028         1.1686116826         2.6631497719         3.2893426729
        1.7200000000         0.3970310519         2.9338671801         1.4577986908         1.1915785797         3.1285610415         3.2948812935
        1.7250000000         0.3976945335         2.9341908684         1.4526940371         1.2043379670         2.9955863930         3.3003873949
        1.7300000000         0.3983540901         2.9345126851         1.4552463639         1.2119935994         3.0620737173         3.3058609229
        1.7350000000         0.3990097151         2.9348326262         1.4424847297         1.2119935994         2.7296370961         3.3113018234
        1.7400000000         0.3996614020         2.9351506880         1.4577986908         1.2349604965         3.1285610415         3.3167100426
        1.7450000000         0.4003091444         2.9354668664         1.4424847297         1.2349604965         2.7296370961         3.3220855273
        1.7500000000         0.4009529359         2.9357811576         1.4552463639         1.2553755162         3.0620737173         3.3274282243
        1.7550000000         0.4015927702         2.9360935578         1.4475893834         1.2604792711         2.8626117446         3.3327380810
        1.7600000000         0.4022286409         2.9364040631         1.4552463639         1.2706867810         3.0620737173         3.3380150448
        1.7650000000         0.4028605417         2.9367126697         1.4501417102         1.2859980457         2.9290990688         3.3432590638
        1.7700000000         0.4034884666         2.9370193739         1.4424847297         1.2885499232         2.7296370961         3.3484700862
        1.7750000000         0.4041124091         2.9373241720         1.4629033445         1.3115168203         3.2615356899         3.3536480606
        1.7800000000         0.4047323632         2.9376270600         1.4475893834         1.3140686978         2.8626117446         3.3587929358
        1.7850000000         0.4053483228         2.9379280345         1.4603510177         1.3319318400         3.1950483657         3.3639046610
        1.7900000000         0.4059602817         2.9382270915         1.4475893834         1.3344837175         2.8626117446         3.3689831859
        1.7950000000         0.4065682340         2.9385242276         1.4552463639         1.3497949822         3.0620737173         3.3740284603
        1.8000000000         0.4071721736         2.9388194390         1.4603510177         1.3651062470         3.1950483657         3.3790404344
        1.8050000000         0.4077720946         2.9391127221         1.4552463639         1.3753137568         3.0620737173         3.3840190587
        1.8100000000         0.4083679910         2.9394040733         1.4629033445         1.3855212666         3.2615356899         3.3889642841
        1.8150000000         0.4089598571         2.9396934891         1.4577986908         1.4008325314         3.1285610415         3.3938760618
        1.8200000000         0.4095476868         2.9399809658         1.4577986908         1.4059362863         3.1285610415         3.3987543433
        1.8250000000         0.4101314745         2.9402664999         1.4577986908         1.4263513060         3.1285610415         3.4035990805
        1.8300000000         0.4107112143         2.9405500880         1.4654556714         1.4340069384         3.3280230142         3.4084102255
        1.8350000000         0.4112869006         2.9408317264         1.4475893834         1.4391106933         2.8626117446         3.4131877309
        1.8400000000         0.4118585277         2.9411114119         1.4603510177         1.4544219580         3.1950483657         3.4179315495
        1.8450000000         0.4124260899         2.9413891408         1.4526940371         1.4646294679         2.9955863930         3.4226416345
        1.8500000000         0.4129895816         2.9416649098         1.4629033445         1.4850444875         3.2615356899         3.4273179394
        1.8550000000         0.4135489972         2.9419387155         1.4577986908         1.4850444875         3.1285610415         3.4319604181
        1.8600000000         0.4141043313         2.9422105545         1.4629033445         1.5029076297         3.2615356899         3.4365690247
        1.8650000000         0.4146555784         2.9424804235         1.4629033445         1.5156670170         3.2615356899         3.4411437138
        1.8700000000         0.4152027329         2.9427483190         1.4654556714         1.5258745269         3.3280230142         3.4456844401
        1.8750000000         0.4157457896         2.9430142379         1.4654556714         1.5411857916         3.3280230142         3.4501911590
        1.8800000000         0.4162847431         2.9432781768         1.4577986908         1.5488414240         3.1285610415         3.4546638258
        1.8850000000         0.4168195880         2.9435401325         1.4629033445         1.5641526888         3.2615356899         3.4591023966
        1.8900000000         0.4173503190         2.9438001017         1.4526940371         1.5718083211         2.9955863930         3.4635068273
        1.8950000000         0.4178769310         2.9440580812         1.4680079982         1.5922233408         3.3945103384         3.4678770747
        1.9000000000         0.4183994186         2.9443140679         1.4577986908         1.5998789732         3.1285610415         3.4722130955
        1.9050000000         0.4189177769         2.9445680584         1.4577986908         1.6126383605         3.1285610415         3.4765148470
        1.9100000000         0.4194320006         2.9448200498         1.4756649788         1.6305015027         3.5939723111         3.4807822866
        1.9150000000         0.4199420847         2.9450700389         1.4577986908         1.6330533802         3.1285610415         3.4850153724
        1.9200000000         0.4204480241         2.9453180226         1.4552463639         1.6432608900         3.0620737173         3.4892140624
        1.9250000000         0.4209498139         2.9455639978         1.4577986908         1.6560202773         3.1285610415         3.4933783154
        1.9300000000         0.4214474490         2.9458079614         1.4680079982         1.6687796646         3.3945103384         3.4975080901
        1.9350000000         0.4219409247         2.9460499105         1.4475893834         1.6764352970         2.8626117446         3.5016033458
        1.9400000000         0.4224302359         2.9462898421         1.4577986908         1.6942984392         3.1285610415         3.5056640421
        1.9450000000         0.4229153780         2.9465277531         1.4552463639         1.7096097039         3.0620737173         3.5096901389
        1.9500000000         0.4233963460         2.9467636406         1.4629033445         1.7223690912         3.2615356899         3.5136815964
        1.9550000000         0.4238731353         2.9469975017         1.4526940371         1.7376803560         2.9955863930         3.5176383754
        1.9600000000         0.4243457412         2.9472293335         1.4552463639         1.7402322334         3.0620737173         3.5215604367
        1.9650000000         0.4248141589         2.9474591330         1.4475893834         1.7478878658         2.8626117446         3.5254477416
        1.9700000000         0.4252783838         2.9476868976         1.4501417102         1.7606472531         2.9290990688         3.5293002517
        1.9750000000         0.4257384115         2.9479126242         1.4552463639         1.7785103953         3.0620737173         3.5331179291
        1.9800000000         0.4261942372         2.9481363101         1.4629033445         1.7861660277         3.2615356899         3.5369007361
        1.9850000000         0.4266458567         2.9483579526         1.4552463639         1.7989254150         3.0620737173         3.5406486352
        1.9900000000         0.4270932652         2.9485775488         1.4577986908         1.8065810474         3.1285610415         3.5443615896
        1.9950000000         0.4275364586         2.9487950961         1.4731126519         1.8244441896         3.5274849868         3.5480395626
        2.0000000000         0.4279754323         2.9490105916         1.4552463639         1.8269960670         3.0620737173         3.5516825178
        2.0050000000         0.4284101821         2.9492240329         1.4475893834         1.8397554543         2.8626117446         3.5552904194
        2.0100000000         0.4288407037         2.9494354171         1.4654556714         1.8601704740         3.3280230142         3.5588632317
        2.0150000000         0.4292669928         2.9496447416         1.4526940371         1.8627223515         2.9955863930         3.5624009195
        2.0200000000         0.4296890451         2.9498520039         1.4629033445         1.8780336162         3.2615356899         3.5659034478
        2.0250000000         0.4301068567         2.9500572013         1.4501417102         1.8831373711         2.9290990688         3.5693707820
        2.0300000000         0.4305204232         2.9502603313         1.4501417102         1.8907930035         2.9290990688         3.5728028881
        2.0350000000         0.4309297407         2.9504613914         1.4552463639         1.9061042683         3.0620737173         3.5761997320
        2.0400000000         0.4313348051         2.9506603791         1.4577986908         1.9163117781         3.1285610415         3.5795612802
        2.0450000000         0.4317356123         2.9508572918         1.4475893834         1.9265192879         2.8626117446         3.5828874996
        2.0500000000         0.4321321586         2.9510521271         1.4858742862         1.9418305527         3.8599216080         3.5861783574
        2.0550000000         0.4325244398         2.9512448826         1.4603510177         1.9596936949         3.1950483657         3.5894338211
        2.0600000000         0.4329124522         2.9514355558         1.4577986908         1.9647974498         3.1285610415         3.5926538584
        2.0650000000         0.4332961920         2.9516241445         1.4629033445         1.9775568371         3.2615356899         3.5958384378
        2.0700000000         0.4336756552         2.9518106461         1.4629033445         1.9954199793         3.2615356899         3.5989875276
        2.0750000000         0.4340508383         2.9519950585         1.4552463639         2.0030756117         3.0620737173         3.6021010969
        2.0800000000         0.4344217375         2.9521773792         1.4629033445         2.0183868765         3.2615356899         3.6051791150
        2.0850000000         0.4347883491         2.9523576061         1.4603510177         2.0234906314         3.1950483657         3.6082215513
        2.0900000000         0.4351506695         2.9525357368         1.4501417102         2.0311462638         2.9290990688         3.6112283760
        2.0950000000         0.4355086951         2.9527117692         1.4552463639         2.0464575285         3.0620737173         3.6141995593
        2.1000000000         0.4358624225         2.9528857010         1.4629033445         2.0566650383         3.2615356899         3.6171350719
        2.1050000000         0.4362118481         2.9530575300         1.4654556714         2.0770800580         3.3280230142         3.6200348849
        2.1100000000         0.4365569684         2.9532272541         1.4603510177         2.0923913228         3.1950483657         3.6228989695
        2.1150000000         0.4368977801         2.9533948712         1.4603510177         2.0949432002         3.1950483657         3.6257272976
        2.1200000000         0.4372342798         2.9535603791         1.4501417102         2.1025988326         2.9290990688         3.6285198413
        2.1250000000         0.4375664642         2.9537237759         1.4603510177         2.1179100974         3.1950483657         3.6312765729
        2.1300000000         0.4378943299         2.9538850594         1.4577986908         2.1306694847         3.1285610415         3.6339974653
        2.1350000000         0.4382178739         2.9540442276         1.4552463639         2.1357732396         3.0620737173         3.6366824916
        2.1400000000         0.4385370928         2.9542012786         1.4629033445         2.1612920142         3.2615356899         3.6393316253
        2.1450000000         0.4388519835         2.9543562103         1.4629033445         2.1740514015         3.2615356899         3.6419448403
        2.1500000000         0.4391625429         2.9545090208         1.4552463639         2.1740514015         3.0620737173         3.6445221108
        2.1550000000         0.4394687679         2.9546597082         1.4807696325         2.1893626662         3.7269469595         3.6470634113
        2.1600000000         0.4397706556         2.9548082707         1.4654556714         2.2072258084         3.3280230142         3.6495687167
        2.1650000000         0.4400682029         2.9549547062         1.4756649788         2.2123295633         3.5939723111         3.6520380024
        2.1700000000         0.4403614069         2.9550990131         1.4552463639         2.2276408281         3.0620737173         3.6544712440
        2.1750000000         0.4406502648         2.9552411895         1.4680079982         2.2429520929         3.3945103384         3.6568684174
        2.1800000000         0.4409347736         2.9553812336         1.4552463639         2.2480558478         3.0620737173         3.6592294989
        2.1850000000         0.4412149305         2.9555191436         1.4526940371         2.2531596027         2.9955863930         3.6615544654
        2.1900000000         0.4414907328         2.9556549179         1.4552463639         2.2684708674         3.0620737173         3.6638432938
        2.1950000000         0.4417621778         2.9557885546         1.4577986908         2.2837821322         3.1285610415         3.6660959615
        2.2000000000         0.4420292628         2.9559200522         1.4552463639         2.2914377646         3.0620737173         3.6683124464
        2.2050000000         0.4422919852         2.9560494090         1.4629033445         2.3118527843         3.2615356899         3.6704927264
        2.2100000000         0.4425503422         2.9561766233         1.4629033445         2.3220602941         3.2615356899         3.6726367802
        2.2150000000         0.4428043315         2.9563016935         1.4603510177         2.3322678039         3.1950483657         3.6747445866
        2.2200000000         0.443053950