-23.4817759674067
-23.4925532144753
-23.4850920434312
-23.4988537589135
-23.0079087039648
-22.4595843420885
-22.0302424458952
-21.7220736981033
-21.3056010784342
-20.9493247722792
-20.6803549446259
-20.3883744509506
-20.0447647261725
-19.690054851419
-19.3975106248228
-18.993101475217
-18.6423808399163
-18.1944224929423
-17.8223948256783
-17.4483414504771
-17.0490858975152
-16.5201054505988
-16.087771624821
-15.4711311227913
-15.0017405619828
-14.5641843309671
-13.8988136773022
-13.1236004924832
-12.4637817790915
-11.95142896637
-11.2210657097425
-10.450477621949
-9.71856824487357
-9.03844105291047
-8.40881811325925
-7.47217793321725
-6.65504871847175
-5.68704882200075
-5.26640457870399
-4.43224565555162
-3.5110293741045
-3.40641753836883
-3.37707026558354
-3.24624360537175
-3.21027164171347
-2.86639455830623
-2.86606295070249
-2.43464146033042
-2.42734609308304
-2.31741817297531
-2.27745945692319
-1.976668149264
-1.83854073318075
-1.74987176193317
-1.77623456630324
-1.61275201845162
-1.44081347675087
-1.30514617457275
-1.20785913626409
-1.07975414545025
-1.08052181704863
-0.96794103612394
-0.82893071479975
-0.701825935409975
-0.639317902405985
-0.532042843118953
0.0262185550491272
0.0164361307817955
0.0259300564365
0.03340988040875
0.009973098618
0.03523828182475
0.032911225478
0.031415260683
0.0331823146920199
0.0159387193798005
0.0243947132356608
0.0187826690815
0.02144216205025
0.0109704084825
0.0167677383880299
0.017951577528
0.02393543670725
0.0192547954014963
0.0081446972015
0.0255553398413965
0.0220734600224439
0.03424097195875
0.02676114798575
0.018425776398005
