0.0058176408555
0.0202496182067332
0.0151258662465
0.025057928438404
0.0200838144067332
0.0127988098995
0.015956957801
0.0175967573915212
0.014959647936
0.0260527512456359
0.0131200547648379
0.02925442264475
0.0323532956867831
0.036829998317207
0.0199180106094763
0.0149596479375
0.02077728880575
0.018616450767
0.0461150111733167
0.0167677383887781
0.02293812684175
0.028589549404
0.54004329103
0.518324236618205
0.56996258692775
0.78687748221225
0.914200708108
1.01908446207375
1.0956530719202
1.19328125155525
1.29909433583566
1.34833806475062
1.51424880926675
1.74759361771372
1.88142505731075
2.01639432549325
2.100833227261
2.17230710080325
2.40783844687375
2.61491330107107
2.74291383549576
2.97238629617531
3.17731979429202
3.19953626010325
3.43630533154713
3.59564278436683
3.627548409808
3.88148853740449
4.01628702767356
4.11974859953716
4.87003028129575
5.58329875152843
6.43713651332075
7.20651796394688
8.09489473004663
8.93855586904
9.7554197977005
10.4607491674292
11.2208994914295
11.8325828743125
12.6503541642721
13.262833405412
13.7866453333337
14.3705686003199
14.9714415753766
15.4915465448147
16.0262708499083
16.6311376240195
17.0393465822461
17.659698187846
17.9980241600002
18.322833806282
18.8837298268632
19.2005991291155
19.508330983885
19.9027782266187
20.2475510650577
20.5479208165539
20.7717559479938
21.1856872099025
21.3593853444418
21.6821846196369
22.0309073191392
22.2737522708728
22.709410462875
23.1703338380685
23.698524644385
23.6889080239249
23.7093018914534
23.7343382654155
